0.00000e+00 0.00000e+00 1
2.48021e-01 0.00000e+00 1
2.48021e-01 2.61987e-01 1
0.00000e+00 2.61987e-01 1
2.62190e-02 1.37993e-02 2
2.45549e-02 2.00099e-02 2
2.00084e-02 2.45564e-02 2
1.37978e-02 2.62205e-02 2
7.58723e-03 2.45564e-02 2
3.04077e-03 2.00099e-02 2
1.37664e-03 1.37993e-02 2
3.04077e-03 7.58874e-03 2
7.58723e-03 3.04227e-03 2
1.37978e-02 1.37815e-03 2
2.00084e-02 3.04227e-03 2
2.45549e-02 7.58874e-03 2
8.38507e-02 1.25319e-02 3
8.23392e-02 1.81730e-02 3
7.82097e-02 2.23025e-02 3
7.25686e-02 2.38140e-02 3
6.69276e-02 2.23025e-02 3
6.27980e-02 1.81730e-02 3
6.12865e-02 1.25319e-02 3
6.27980e-02 6.89088e-03 3
6.69276e-02 2.76134e-03 3
7.25686e-02 1.24983e-03 3
7.82097e-02 2.76134e-03 3
8.23392e-02 6.89088e-03 3
1.22231e-01 1.99983e-02 4
1.19819e-01 2.89983e-02 4
1.13231e-01 3.55867e-02 4
1.04231e-01 3.79983e-02 4
9.52310e-02 3.55867e-02 4
8.86426e-02 2.89983e-02 4
8.62310e-02 1.99983e-02 4
8.86426e-02 1.09983e-02 4
9.52310e-02 4.40983e-03 4
1.04231e-01 1.99829e-03 4
1.13231e-01 4.40983e-03 4
1.19819e-01 1.09983e-02 4
1.77967e-01 1.29064e-02 5
1.76410e-01 1.87159e-02 5
1.72157e-01 2.29687e-02 5
1.66348e-01 2.45254e-02 5
1.60538e-01 2.29687e-02 5
1.56285e-01 1.87159e-02 5
1.54729e-01 1.29064e-02 5
1.56285e-01 7.09696e-03 5
1.60538e-01 2.84413e-03 5
1.66348e-01 1.28748e-03 5
1.72157e-01 2.84413e-03 5
1.76410e-01 7.09696e-03 5
2.13022e-01 1.79937e-02 6
2.10852e-01 2.60914e-02 6
2.04924e-01 3.20192e-02 6
1.96827e-01 3.41890e-02 6
1.88729e-01 3.20192e-02 6
1.82801e-01 2.60914e-02 6
1.80632e-01 1.79937e-02 6
1.82801e-01 9.89612e-03 6
1.88729e-01 3.96825e-03 6
1.96827e-01 1.79850e-03 6
2.04924e-01 3.96825e-03 6
2.10852e-01 9.89612e-03 6
6.21134e-02 2.82441e-02 7
5.97163e-02 3.71903e-02 7
5.31671e-02 4.37394e-02 7
4.42209e-02 4.61366e-02 7
3.52746e-02 4.37394e-02 7
2.87255e-02 3.71903e-02 7
2.63283e-02 2.82441e-02 7
2.87255e-02 1.92978e-02 7
3.52746e-02 1.27487e-02 7
4.42209e-02 1.03515e-02 7
5.31671e-02 1.27487e-02 7
5.97163e-02 1.92978e-02 7
9.54263e-02 4.95587e-02 8
9.30436e-02 5.84509e-02 8
8.65341e-02 6.49605e-02 8
7.76419e-02 6.73431e-02 8
6.87496e-02 6.49605e-02 8
6.22401e-02 5.84509e-02 8
5.98574e-02 4.95587e-02 8
6.22401e-02 4.06665e-02 8
6.87496e-02 3.41569e-02 8
7.76419e-02 3.17743e-02 8
8.65341e-02 3.41569e-02 8
9.30436e-02 4.06665e-02 8
1.25818e-01 5.41979e-02 9
1.23995e-01 6.10013e-02 9
1.19014e-01 6.59817e-02 9
1.12211e-01 6.78047e-02 9
1.05408e-01 6.59817e-02 9
1.00427e-01 6.10013e-02 9
9.86043e-02 5.41979e-02 9
1.00427e-01 4.73946e-02 9
1.05408e-01 4.24142e-02 9
1.12211e-01 4.05912e-02 9
1.19014e-01 4.24142e-02 9
1.23995e-01 4.73946e-02 9
1.57659e-01 3.14674e-02 10
1.55426e-01 3.97998e-02 10
1.49327e-01 4.58995e-02 10
1.40994e-01 4.81322e-02 10
1.32662e-01 4.58995e-02 10
1.26562e-01 3.97998e-02 10
1.24329e-01 3.14674e-02 10
1.26562e-01 2.31350e-02 10
1.32662e-01 1.70353e-02 10
1.40994e-01 1.48026e-02 10
1.49327e-01 1.70353e-02 10
1.55426e-01 2.31350e-02 10
2.46365e-01 1.66181e-02 11
2.44361e-01 2.40967e-02 11
2.38886e-01 2.95714e-02 11
2.31408e-01 3.15752e-02 11
2.23929e-01 2.95714e-02 11
2.18455e-01 2.40967e-02 11
2.16451e-01 1.66181e-02 11
2.18455e-01 9.13960e-03 11
2.23929e-01 3.66493e-03 11
2.31408e-01 1.66106e-03 11
2.38886e-01 3.66493e-03 11
2.44361e-01 9.13960e-03 11
2.55555e-02 4.10499e-02 12
2.39335e-02 4.71033e-02 12
1.95022e-02 5.15346e-02 12
1.34489e-02 5.31566e-02 12
7.39552e-03 5.15346e-02 12
2.96417e-03 4.71033e-02 12
1.34218e-03 4.10499e-02 12
2.96417e-03 3.49966e-02 12
7.39552e-03 3.05652e-02 12
1.34489e-02 2.89433e-02 12
1.95022e-02 3.05652e-02 12
2.39335e-02 3.49966e-02 12
7.14137e-02 8.24490e-02 13
6.99968e-02 8.77371e-02 13
6.61256e-02 9.16083e-02 13
6.08375e-02 9.30252e-02 13
5.55494e-02 9.16083e-02 13
5.16782e-02 8.77371e-02 13
5.02612e-02 8.24490e-02 13
5.16782e-02 7.71609e-02 13
5.55494e-02 7.32897e-02 13
6.08375e-02 7.18727e-02 13
6.61256e-02 7.32897e-02 13
6.99968e-02 7.71609e-02 13
1.28608e-01 7.96552e-02 14
1.27267e-01 8.46623e-02 14
1.23601e-01 8.83278e-02 14
1.18594e-01 8.96695e-02 14
1.13587e-01 8.83278e-02 14
1.09921e-01 8.46623e-02 14
1.08580e-01 7.96552e-02 14
1.09921e-01 7.46481e-02 14
1.13587e-01 7.09826e-02 14
1.18594e-01 6.96409e-02 14
1.23601e-01 7.09826e-02 14
1.27267e-01 7.46481e-02 14
1.59320e-01 5.87315e-02 15
1.58085e-01 6.33374e-02 15
1.54714e-01 6.67091e-02 15
1.50108e-01 6.79432e-02 15
1.45502e-01 6.67091e-02 15
1.42130e-01 6.33374e-02 15
1.40896e-01 5.87315e-02 15
1.42130e-01 5.41256e-02 15
1.45502e-01 5.07538e-02 15
1.50108e-01 4.95197e-02 15
1.54714e-01 5.07538e-02 15
1.58085e-01 5.41256e-02 15
1.90118e-01 4.54532e-02 16
1.88013e-01 5.33090e-02 16
1.82262e-01 5.90599e-02 16
1.74407e-01 6.11649e-02 16
1.66551e-01 5.90599e-02 16
1.60800e-01 5.33090e-02 16
1.58695e-01 4.54532e-02 16
1.60800e-01 3.75973e-02 16
1.66551e-01 3.18464e-02 16
1.74407e-01 2.97415e-02 16
1.82262e-01 3.18464e-02 16
1.88013e-01 3.75973e-02 16
5.17849e-02 6.61530e-02 17
4.94611e-02 7.48256e-02 17
4.31123e-02 8.11744e-02 17
3.44397e-02 8.34983e-02 17
2.57671e-02 8.11744e-02 17
1.94183e-02 7.48256e-02 17
1.70945e-02 6.61530e-02 17
1.94183e-02 5.74804e-02 17
2.57671e-02 5.11316e-02 17
3.44397e-02 4.88078e-02 17
4.31123e-02 5.11316e-02 17
4.94611e-02 5.74804e-02 17
1.06171e-01 8.48738e-02 18
1.04033e-01 9.28514e-02 18
9.81931e-02 9.86915e-02 18
9.02154e-02 1.00829e-01 18
8.22378e-02 9.86915e-02 18
7.63977e-02 9.28514e-02 18
7.42601e-02 8.48738e-02 18
7.63977e-02 7.68961e-02 18
8.22378e-02 7.10561e-02 18
9.02154e-02 6.89185e-02 18
9.81931e-02 7.10561e-02 18
1.04033e-01 7.68961e-02 18
1.62363e-01 8.63231e-02 19
1.60242e-01 9.42401e-02 19
1.54446e-01 1.00036e-01 19
1.46529e-01 1.02157e-01 19
1.38612e-01 1.00036e-01 19
1.32816e-01 9.42401e-02 19
1.30695e-01 8.63231e-02 19
1.32816e-01 7.84061e-02 19
1.38612e-01 7.26105e-02 19
1.46529e-01 7.04891e-02 19
1.54446e-01 7.26105e-02 19
1.60242e-01 7.84061e-02 19
1.83643e-01 7.46450e-02 20
1.82276e-01 7.97475e-02 20
1.78541e-01 8.34828e-02 20
1.73438e-01 8.48500e-02 20
1.68336e-01 8.34828e-02 20
1.64600e-01 7.97475e-02 20
1.63233e-01 7.46450e-02 20
1.64600e-01 6.95425e-02 20
1.68336e-01 6.58072e-02 20
1.73438e-01 6.44400e-02 20
1.78541e-01 6.58072e-02 20
1.82276e-01 6.95425e-02 20
2.46375e-01 4.97113e-02 21
2.44388e-01 5.71251e-02 21
2.38961e-01 6.25524e-02 21
2.31547e-01 6.45389e-02 21
2.24134e-01 6.25524e-02 21
2.18706e-01 5.71251e-02 21
2.16720e-01 4.97113e-02 21
2.18706e-01 4.22975e-02 21
2.24134e-01 3.68702e-02 21
2.31547e-01 3.48837e-02 21
2.38961e-01 3.68702e-02 21
2.44388e-01 4.22975e-02 21
2.41725e-02 8.96472e-02 22
2.26382e-02 9.53731e-02 22
1.84466e-02 9.95647e-02 22
1.27207e-02 1.01099e-01 22
6.99484e-03 9.95647e-02 22
2.80320e-03 9.53731e-02 22
1.26895e-03 8.96472e-02 22
2.80320e-03 8.39213e-02 22
6.99484e-03 7.97297e-02 22
1.27207e-02 7.81954e-02 22
1.84466e-02 7.97297e-02 22
2.26382e-02 8.39213e-02 22
5.51064e-02 1.02074e-01 23
5.30513e-02 1.09744e-01 23
4.74369e-02 1.15358e-01 23
3.97674e-02 1.17413e-01 23
3.20978e-02 1.15358e-01 23
2.64834e-02 1.09744e-01 23
2.44283e-02 1.02074e-01 23
2.64834e-02 9.44045e-02 23
3.20978e-02 8.87900e-02 23
3.97674e-02 8.67350e-02 23
4.74369e-02 8.87900e-02 23
5.30513e-02 9.44045e-02 23
1.31467e-01 1.08741e-01 24
1.29378e-01 1.16535e-01 24
1.23673e-01 1.22241e-01 24
1.15878e-01 1.24329e-01 24
1.08084e-01 1.22241e-01 24
1.02378e-01 1.16535e-01 24
1.00290e-01 1.08741e-01 24
1.02378e-01 1.00947e-01 24
1.08084e-01 9.52409e-02 24
1.15878e-01 9.31525e-02 24
1.23673e-01 9.52409e-02 24
1.29378e-01 1.00947e-01 24
1.78655e-01 1.20320e-01 25
1.77449e-01 1.24820e-01 25
1.74155e-01 1.28114e-01 25
1.69655e-01 1.29320e-01 25
1.65155e-01 1.28114e-01 25
1.61860e-01 1.24820e-01 25
1.60655e-01 1.20320e-01 25
1.61860e-01 1.15820e-01 25
1.65155e-01 1.12525e-01 25
1.69655e-01 1.11320e-01 25
1.74155e-01 1.12525e-01 25
1.77449e-01 1.15820e-01 25
2.17317e-01 6.53693e-02 26
2.15296e-01 7.29120e-02 26
2.09774e-01 7.84337e-02 26
2.02232e-01 8.04547e-02 26
1.94689e-01 7.84337e-02 26
1.89167e-01 7.29120e-02 26
1.87146e-01 6.53693e-02 26
1.89167e-01 5.78265e-02 26
1.94689e-01 5.23049e-02 26
2.02232e-01 5.02838e-02 26
2.09774e-01 5.23049e-02 26
2.15296e-01 5.78265e-02 26
4.26299e-02 1.31140e-01 27
4.11414e-02 1.36695e-01 27
3.70749e-02 1.40762e-01 27
3.15200e-02 1.42250e-01 27
2.59651e-02 1.40762e-01 27
2.18986e-02 1.36695e-01 27
2.04102e-02 1.31140e-01 27
2.18986e-02 1.25585e-01 27
2.59651e-02 1.21519e-01 27
3.15200e-02 1.20030e-01 27
3.70749e-02 1.21519e-01 27
4.11414e-02 1.25585e-01 27
9.85223e-02 1.19823e-01 28
9.63366e-02 1.27979e-01 28
9.03653e-02 1.33951e-01 28
8.22084e-02 1.36136e-01 28
7.40514e-02 1.33951e-01 28
6.80801e-02 1.27979e-01 28
6.58945e-02 1.19823e-01 28
6.80801e-02 1.11666e-01 28
7.40514e-02 1.05694e-01 28
8.22084e-02 1.03509e-01 28
9.03653e-02 1.05694e-01 28
9.63366e-02 1.11666e-01 28
1.58382e-01 1.17875e-01 29
1.56698e-01 1.24163e-01 29
1.52095e-01 1.28766e-01 29
1.45807e-01 1.30450e-01 29
1.39519e-01 1.28766e-01 29
1.34916e-01 1.24163e-01 29
1.33232e-01 1.17875e-01 29
1.34916e-01 1.11587e-01 29
1.39519e-01 1.06984e-01 29
1.45807e-01 1.05299e-01 29
1.52095e-01 1.06984e-01 29
1.56698e-01 1.11587e-01 29
2.08998e-01 1.00096e-01 30
2.06629e-01 1.08934e-01 30
2.00160e-01 1.15403e-01 30
1.91322e-01 1.17772e-01 30
1.82484e-01 1.15403e-01 30
1.76014e-01 1.08934e-01 30
1.73646e-01 1.00096e-01 30
1.76014e-01 9.12581e-02 30
1.82484e-01 8.47883e-02 30
1.91322e-01 8.24202e-02 30
2.00160e-01 8.47883e-02 30
2.06629e-01 9.12581e-02 30
2.46249e-01 8.16066e-02 31
2.44389e-01 8.85503e-02 31
2.39306e-01 9.36334e-02 31
2.32362e-01 9.54939e-02 31
2.25419e-01 9.36334e-02 31
2.20335e-01 8.85503e-02 31
2.18475e-01 8.16066e-02 31
2.20335e-01 7.46630e-02 31
2.25419e-01 6.95799e-02 31
2.32362e-01 6.77193e-02 31
2.39306e-01 6.95799e-02 31
2.44389e-01 7.46630e-02 31
2.26387e-02 1.14990e-01 32
2.12464e-02 1.20187e-01 32
1.74425e-02 1.23990e-01 32
1.22464e-02 1.25383e-01 32
7.05022e-03 1.23990e-01 32
3.24637e-03 1.20187e-01 32
1.85407e-03 1.14990e-01 32
3.24637e-03 1.09794e-01 32
7.05022e-03 1.05990e-01 32
1.22464e-02 1.04598e-01 32
1.74425e-02 1.05990e-01 32
2.12464e-02 1.09794e-01 32
6.36517e-02 1.25854e-01 33
6.23627e-02 1.30665e-01 33
5.88410e-02 1.34187e-01 33
5.40303e-02 1.35476e-01 33
4.92196e-02 1.34187e-01 33
4.56979e-02 1.30665e-01 33
4.44089e-02 1.25854e-01 33
4.56979e-02 1.21044e-01 33
4.92196e-02 1.17522e-01 33
5.40303e-02 1.16233e-01 33
5.88410e-02 1.17522e-01 33
6.23627e-02 1.21044e-01 33
1.40015e-01 1.39636e-01 34
1.38173e-01 1.46510e-01 34
1.33141e-01 1.51542e-01 34
1.26267e-01 1.53383e-01 34
1.19393e-01 1.51542e-01 34
1.14361e-01 1.46510e-01 34
1.12519e-01 1.39636e-01 34
1.14361e-01 1.32762e-01 34
1.19393e-01 1.27730e-01 34
1.26267e-01 1.25888e-01 34
1.33141e-01 1.27730e-01 34
1.38173e-01 1.32762e-01 34
2.05169e-01 1.34693e-01 35
2.03365e-01 1.41425e-01 35
1.98437e-01 1.46353e-01 35
1.91705e-01 1.48157e-01 35
1.84973e-01 1.46353e-01 35
1.80045e-01 1.41425e-01 35
1.78241e-01 1.34693e-01 35
1.80045e-01 1.27961e-01 35
1.84973e-01 1.23032e-01 35
1.91705e-01 1.21229e-01 35
1.98437e-01 1.23032e-01 35
2.03365e-01 1.27961e-01 35
2.43485e-01 1.15318e-01 36
2.41222e-01 1.23766e-01 36
2.35038e-01 1.29949e-01 36
2.26591e-01 1.32213e-01 36
2.18143e-01 1.29949e-01 36
2.11959e-01 1.23766e-01 36
2.09696e-01 1.15318e-01 36
2.11959e-01 1.06871e-01 36
2.18143e-01 1.00687e-01 36
2.26591e-01 9.84236e-02 36
2.35038e-01 1.00687e-01 36
2.41222e-01 1.06871e-01 36
3.01368e-02 1.54457e-01 37
2.82577e-02 1.61470e-01 37
2.31241e-02 1.66603e-01 37
1.61113e-02 1.68483e-01 37
9.09858e-03 1.66603e-01 37
3.96489e-03 1.61470e-01 37
2.08583e-03 1.54457e-01 37
3.96489e-03 1.47444e-01 37
9.09858e-03 1.42311e-01 37
1.61113e-02 1.40432e-01 37
2.31241e-02 1.42311e-01 37
2.82577e-02 1.47444e-01 37
1.10823e-01 1.48185e-01 38
1.09098e-01 1.54624e-01 38
1.04384e-01 1.59338e-01 38
9.79448e-02 1.61064e-01 38
9.15055e-02 1.59338e-01 38
8.67917e-02 1.54624e-01 38
8.50663e-02 1.48185e-01 38
8.67917e-02 1.41746e-01 38
9.15055e-02 1.37032e-01 38
9.79448e-02 1.35307e-01 38
1.04384e-01 1.37032e-01 38
1.09098e-01 1.41746e-01 38
1.77553e-01 1.48209e-01 39
1.75200e-01 1.56992e-01 39
1.68770e-01 1.63422e-01 39
1.59987e-01 1.65775e-01 39
1.51204e-01 1.63422e-01 39
1.44774e-01 1.56992e-01 39
1.42421e-01 1.48209e-01 39
1.44774e-01 1.39426e-01 39
1.51204e-01 1.32996e-01 39
1.59987e-01 1.30643e-01 39
1.68770e-01 1.32996e-01 39
1.75200e-01 1.39426e-01 39
2.22943e-01 1.65415e-01 40
2.20664e-01 1.73920e-01 40
2.14438e-01 1.80145e-01 40
2.05934e-01 1.82424e-01 40
1.97430e-01 1.80145e-01 40
1.91204e-01 1.73920e-01 40
1.88926e-01 1.65415e-01 40
1.91204e-01 1.56911e-01 40
1.97430e-01 1.50686e-01 40
2.05934e-01 1.48407e-01 40
2.14438e-01 1.50686e-01 40
2.20664e-01 1.56911e-01 40
2.46541e-01 1.47430e-01 41
2.44836e-01 1.53794e-01 41
2.40177e-01 1.58453e-01 41
2.33813e-01 1.60158e-01 41
2.27450e-01 1.58453e-01 41
2.22791e-01 1.53794e-01 41
2.21086e-01 1.47430e-01 41
2.22791e-01 1.41066e-01 41
2.27450e-01 1.36407e-01 41
2.33813e-01 1.34702e-01 41
2.40177e-01 1.36407e-01 41
2.44836e-01 1.41066e-01 41
5.44183e-02 1.74836e-01 42
5.26729e-02 1.81350e-01 42
4.79045e-02 1.86118e-01 42
4.13908e-02 1.87863e-01 42
3.48771e-02 1.86118e-01 42
3.01087e-02 1.81350e-01 42
2.83634e-02 1.74836e-01 42
3.01087e-02 1.68322e-01 42
3.48771e-02 1.63554e-01 42
4.13908e-02 1.61808e-01 42
4.79045e-02 1.63554e-01 42
5.26729e-02 1.68322e-01 42
8.20902e-02 1.52552e-01 43
7.98731e-02 1.60827e-01 43
7.38159e-02 1.66884e-01 43
6.55416e-02 1.69101e-01 43
5.72672e-02 1.66884e-01 43
5.12100e-02 1.60827e-01 43
4.89929e-02 1.52552e-01 43
5.12100e-02 1.44278e-01 43
5.72672e-02 1.38221e-01 43
6.55416e-02 1.36004e-01 43
7.38159e-02 1.38221e-01 43
7.98731e-02 1.44278e-01 43
1.33388e-01 1.70079e-01 44
1.31454e-01 1.77295e-01 44
1.26172e-01 1.82578e-01 44
1.18956e-01 1.84511e-01 44
1.11740e-01 1.82578e-01 44
1.06457e-01 1.77295e-01 44
1.04524e-01 1.70079e-01 44
1.06457e-01 1.62863e-01 44
1.11740e-01 1.57580e-01 44
1.18956e-01 1.55647e-01 44
1.26172e-01 1.57580e-01 44
1.31454e-01 1.62863e-01 44
1.87824e-01 1.76887e-01 45
1.86223e-01 1.82861e-01 45
1.81850e-01 1.87233e-01 45
1.75877e-01 1.88834e-01 45
1.69904e-01 1.87233e-01 45
1.65531e-01 1.82861e-01 45
1.63931e-01 1.76887e-01 45
1.65531e-01 1.70914e-01 45
1.69904e-01 1.66542e-01 45
1.75877e-01 1.64941e-01 45
1.81850e-01 1.66542e-01 45
1.86223e-01 1.70914e-01 45
2.46807e-01 1.73642e-01 46
2.45342e-01 1.79109e-01 46
2.41339e-01 1.83111e-01 46
2.35872e-01 1.84576e-01 46
2.30405e-01 1.83111e-01 46
2.26402e-01 1.79109e-01 46
2.24937e-01 1.73642e-01 46
2.26402e-01 1.68174e-01 46
2.30405e-01 1.64172e-01 46
2.35872e-01 1.62707e-01 46
2.41339e-01 1.64172e-01 46
2.45342e-01 1.68174e-01 46
7.36771e-02 1.90161e-01 47
7.22359e-02 1.95539e-01 47
6.82986e-02 1.99477e-01 47
6.29200e-02 2.00918e-01 47
5.75415e-02 1.99477e-01 47
5.36042e-02 1.95539e-01 47
5.21630e-02 1.90161e-01 47
5.36042e-02 1.84782e-01 47
5.75415e-02 1.80845e-01 47
6.29200e-02 1.79404e-01 47
6.82986e-02 1.80845e-01 47
7.22359e-02 1.84782e-01 47
1.02419e-01 1.78333e-01 48
1.00503e-01 1.85482e-01 48
9.52697e-02 1.90715e-01 48
8.81208e-02 1.92631e-01 48
8.09718e-02 1.90715e-01 48
7.57385e-02 1.85482e-01 48
7.38229e-02 1.78333e-01 48
7.57385e-02 1.71184e-01 48
8.09718e-02 1.65951e-01 48
8.81208e-02 1.64035e-01 48
9.52697e-02 1.65951e-01 48
1.00503e-01 1.71184e-01 48
1.61342e-01 1.80373e-01 49
1.59558e-01 1.87033e-01 49
1.54682e-01 1.91909e-01 49
1.48022e-01 1.93693e-01 49
1.41362e-01 1.91909e-01 49
1.36486e-01 1.87033e-01 49
1.34702e-01 1.80373e-01 49
1.36486e-01 1.73713e-01 49
1.41362e-01 1.68837e-01 49
1.48022e-01 1.67053e-01 49
1.54682e-01 1.68837e-01 49
1.59558e-01 1.73713e-01 49
2.11926e-01 2.00765e-01 50
2.09772e-01 2.08803e-01 50
2.03888e-01 2.14687e-01 50
1.95850e-01 2.16840e-01 50
1.87812e-01 2.14687e-01 50
1.81928e-01 2.08803e-01 50
1.79775e-01 2.00765e-01 50
1.81928e-01 1.92727e-01 50
1.87812e-01 1.86843e-01 50
1.95850e-01 1.84689e-01 50
2.03888e-01 1.86843e-01 50
2.09772e-01 1.92727e-01 50
2.46309e-01 2.02540e-01 51
2.44237e-01 2.10272e-01 51
2.38576e-01 2.15932e-01 51
2.30844e-01 2.18004e-01 51
2.23112e-01 2.15932e-01 51
2.17452e-01 2.10272e-01 51
2.15380e-01 2.02540e-01 51
2.17452e-01 1.94808e-01 51
2.23112e-01 1.89147e-01 51
2.30844e-01 1.87075e-01 51
2.38576e-01 1.89147e-01 51
2.44237e-01 1.94808e-01 51
2.78105e-02 1.86310e-01 52
2.60454e-02 1.92897e-01 52
2.12232e-02 1.97719e-01 52
1.46359e-02 1.99484e-01 52
8.04854e-03 1.97719e-01 52
3.22628e-03 1.92897e-01 52
1.46122e-03 1.86310e-01 52
3.22628e-03 1.79722e-01 52
8.04854e-03 1.74900e-01 52
1.46359e-02 1.73135e-01 52
2.12232e-02 1.74900e-01 52
2.60454e-02 1.79722e-01 52
8.06639e-02 2.14486e-01 53
7.90852e-02 2.20378e-01 53
7.47720e-02 2.24691e-01 53
6.88802e-02 2.26270e-01 53
6.29883e-02 2.24691e-01 53
5.86751e-02 2.20378e-01 53
5.70964e-02 2.14486e-01 53
5.86751e-02 2.08594e-01 53
6.29883e-02 2.04281e-01 53
6.88802e-02 2.02702e-01 53
7.47720e-02 2.04281e-01 53
7.90852e-02 2.08594e-01 53
1.37184e-01 1.95678e-01 54
1.35868e-01 2.00588e-01 54
1.32274e-01 2.04182e-01 54
1.27364e-01 2.05498e-01 54
1.22454e-01 2.04182e-01 54
1.18860e-01 2.00588e-01 54
1.17544e-01 1.95678e-01 54
1.18860e-01 1.90768e-01 54
1.22454e-01 1.87174e-01 54
1.27364e-01 1.85858e-01 54
1.32274e-01 1.87174e-01 54
1.35868e-01 1.90768e-01 54
1.77796e-01 2.11920e-01 55
1.75487e-01 2.20537e-01 55
1.69179e-01 2.26845e-01 55
1.60562e-01 2.29154e-01 55
1.51945e-01 2.26845e-01 55
1.45637e-01 2.20537e-01 55
1.43328e-01 2.11920e-01 55
1.45637e-01 2.03303e-01 55
1.51945e-01 1.96995e-01 55
1.60562e-01 1.94686e-01 55
1.69179e-01 1.96995e-01 55
1.75487e-01 2.03303e-01 55
2.06885e-01 2.37460e-01 56
2.04546e-01 2.46188e-01 56
1.98157e-01 2.52577e-01 56
1.89429e-01 2.54916e-01 56
1.80701e-01 2.52577e-01 56
1.74311e-01 2.46188e-01 56
1.71972e-01 2.37460e-01 56
1.74311e-01 2.28732e-01 56
1.80701e-01 2.22343e-01 56
1.89429e-01 2.20004e-01 56
1.98157e-01 2.22343e-01 56
2.04546e-01 2.28732e-01 56
5.43538e-02 2.09544e-01 57
5.21524e-02 2.17759e-01 57
4.61380e-02 2.23774e-01 57
3.79221e-02 2.25975e-01 57
2.97063e-02 2.23774e-01 57
2.36919e-02 2.17759e-01 57
2.14905e-02 2.09544e-01 57
2.36919e-02 2.01328e-01 57
2.97063e-02 1.95313e-01 57
3.79221e-02 1.93112e-01 57
4.61380e-02 1.95313e-01 57
5.21524e-02 2.01328e-01 57
1.18541e-01 2.10608e-01 58
1.16247e-01 2.19168e-01 58
1.09980e-01 2.25435e-01 58
1.01420e-01 2.27729e-01 58
9.28588e-02 2.25435e-01 58
8.65919e-02 2.19168e-01 58
8.42981e-02 2.10608e-01 58
8.65919e-02 2.02047e-01 58
9.28588e-02 1.95780e-01 58
1.01420e-01 1.93486e-01 58
1.09980e-01 1.95780e-01 58
1.16247e-01 2.02047e-01 58
1.40754e-01 2.16680e-01 59
1.39492e-01 2.21390e-01 59
1.36044e-01 2.24837e-01 59
1.31335e-01 2.26099e-01 59
1.26625e-01 2.24837e-01 59
1.23178e-01 2.21390e-01 59
1.21916e-01 2.16680e-01 59
1.23178e-01 2.11971e-01 59
1.26625e-01 2.08523e-01 59
1.31335e-01 2.07261e-01 59
1.36044e-01 2.08523e-01 59
1.39492e-01 2.11971e-01 59
1.62541e-01 2.43068e-01 60
1.60898e-01 2.49200e-01 60
1.56408e-01 2.53689e-01 60
1.50276e-01 2.55332e-01 60
1.44143e-01 2.53689e-01 60
1.39654e-01 2.49200e-01 60
1.38011e-01 2.43068e-01 60
1.39654e-01 2.36935e-01 60
1.44143e-01 2.32446e-01 60
1.50276e-01 2.30803e-01 60
1.56408e-01 2.32446e-01 60
1.60898e-01 2.36935e-01 60
2.44241e-01 2.38206e-01 61
2.41993e-01 2.46596e-01 61
2.35851e-01 2.52738e-01 61
2.27461e-01 2.54986e-01 61
2.19071e-01 2.52738e-01 61
2.12929e-01 2.46596e-01 61
2.10681e-01 2.38206e-01 61
2.12929e-01 2.29816e-01 61
2.19071e-01 2.23674e-01 61
2.27461e-01 2.21426e-01 61
2.35851e-01 2.23674e-01 61
2.41993e-01 2.29816e-01 61
3.29458e-02 2.39932e-01 62
3.09077e-02 2.47538e-01 62
2.53394e-02 2.53107e-01 62
1.77330e-02 2.55145e-01 62
1.01266e-02 2.53107e-01 62
4.55838e-03 2.47538e-01 62
2.52026e-03 2.39932e-01 62
4.55838e-03 2.32326e-01 62
1.01266e-02 2.26757e-01 62
1.77330e-02 2.24719e-01 62
2.53394e-02 2.26757e-01 62
3.09077e-02 2.32326e-01 62
6.46843e-02 2.41115e-01 63
6.27869e-02 2.48196e-01 63
5.76031e-02 2.53380e-01 63
5.05220e-02 2.55277e-01 63
4.34408e-02 2.53380e-01 63
3.82570e-02 2.48196e-01 63
3.63596e-02 2.41115e-01 63
3.82570e-02 2.34034e-01 63
4.34408e-02 2.28850e-01 63
5.05220e-02 2.26953e-01 63
5.76031e-02 2.28850e-01 63
6.27869e-02 2.34034e-01 63
9.72789e-02 2.40523e-01 64
9.53099e-02 2.47871e-01 64
8.99305e-02 2.53251e-01 64
8.25820e-02 2.55220e-01 64
7.52335e-02 2.53251e-01 64
6.98541e-02 2.47871e-01 64
6.78850e-02 2.40523e-01 64
6.98541e-02 2.33174e-01 64
7.52335e-02 2.27795e-01 64
8.25820e-02 2.25826e-01 64
8.99305e-02 2.27795e-01 64
9.53099e-02 2.33174e-01 64
1.34304e-01 2.40671e-01 65
1.32353e-01 2.47954e-01 65
1.27021e-01 2.53285e-01 65
1.19739e-01 2.55236e-01 65
1.12456e-01 2.53285e-01 65
1.07125e-01 2.47954e-01 65
1.05174e-01 2.40671e-01 65
1.07125e-01 2.33388e-01 65
1.12456e-01 2.28057e-01 65
1.19739e-01 2.26106e-01 65
1.27021e-01 2.28057e-01 65
1.32353e-01 2.33388e-01 65
