0.005 1.965 0
0.0659619 1.965 0
0.0756976 1.91978 0
0.005 1.8727 0
0.005 1.83801 1
0.0460401 1.77824 1
0.0080154 1.73988 1
0.005 1.74 1
0.005 1.73 2
0.0104604 1.72977 2
0.0328837 1.66943 2
0.005 1.66571 2
0.005 1.65562 3
0.0353347 1.65967 3
0.0436456 1.65503 3
0.0590083 1.6048 3
0.005 1.56321 3
0.005 1.55059 4
0.0753595 1.60477 4
0.123472 1.5931 4
0.152491 1.52443 4
0.135543 1.493 4
0.0683977 1.47257 4
0.005 1.50221 4
0.005 1.49117 5
0.056742 1.46698 5
0.0632816 1.38233 5
0.025023 1.35408 5
0.005 1.35532 5
0.005 1.3453 6
0.02763 1.3439 6
0.0548158 1.2782 6
0.005 1.24382 6
0.005 1.23168 7
0.06933 1.27606 7
0.119945 1.26564 7
0.13648 1.19621 7
0.0774876 1.14966 7
0.005 1.18534 7
0.005 1.17419 8
0.0646518 1.14483 8
0.0656303 1.10299 8
0.00802159 1.05474 8
0.005 1.05484 8
0.005 1.04483 9
0.00747305 1.04475 9
0.0529076 1.0082 9
0.0349612 0.92805 9
0.005 0.922136 9
0.005 0.911943 10
0.041486 0.919145 10
0.10024 0.877356 10
0.0998176 0.802877 10
0.0950288 0.796762 10
0.005 0.790469 10
0.005 0.780445 11
0.0953069 0.786757 11
0.110518 0.698645 11
0.0686157 0.674133 11
0.005 0.692367 11
0.005 0.681964 12
0.0530884 0.668181 12
0.0567624 0.594559 12
0.005 0.588193 12
0.005 0.578117 13
0.0631478 0.585269 13
0.066565 0.583169 13
0.0895247 0.491255 13
0.0695597 0.472137 13
0.005 0.475247 13
0.005 0.465235 14
0.0592447 0.462623 14
0.0802161 0.359039 14
0.0510761 0.341263 14
0.005 0.346071 14
0.005 0.336016 15
0.0508768 0.331229 15
0.0414763 0.249743 15
0.005 0.241882 15
0.005 0.231652 16
0.0463706 0.240569 16
0.0961507 0.206236 16
0.0932065 0.165154 16
0.0503587 0.138783 16
0.005 0.15161 16
0.005 0.141218 17
0.0333718 0.133194 17
0.0364704 0.0508108 17
0.005 0.0496275 17
0.005 0.0396205 18
0.0370968 0.0408273 18
0.0448996 0.0329657 18
0.0450218 0.005 18
0.005 0.005 18
0.005 1.86068 19
0.0812598 1.91147 19
0.115343 1.90364 19
0.151239 1.86595 19
0.144069 1.77891 19
0.136492 1.77365 19
0.0567885 1.78025 19
0.005 1.85568 19
0.0186599 1.73641 20
0.0525195 1.77057 20
0.13047 1.76412 20
0.120568 1.68482 20
0.0488259 1.66359 20
0.0449103 1.66578 20
0.0174304 1.04957 21
0.0787003 1.10089 21
0.130354 1.04545 21
0.0635662 1.01246 21
0.0360231 1.34977 22
0.0719992 1.37634 22
0.122744 1.36738 22
0.145252 1.2973 22
0.123013 1.27522 22
0.0616417 1.28786 22
0.0453476 0.928669 23
0.0613683 1.00022 23
0.13594 1.03706 23
0.151993 1.03464 23
0.193701 0.973968 23
0.170627 0.901225 23
0.109147 0.883293 23
0.043763 0.122981 24
0.0984179 0.156619 24
0.149945 0.127054 24
0.15568 0.112314 24
0.123555 0.0484239 24
0.0464484 0.0515844 24
0.0541887 1.65475 25
0.12357 1.67528 25
0.149276 1.64653 25
0.124684 1.6031 25
0.0656042 1.61742 25
0.0514792 0.249193 26
0.0614816 0.335897 26
0.083712 0.349458 26
0.129908 0.339537 26
0.16519 0.268061 26
0.150871 0.234875 26
0.101603 0.214623 26
0.0548636 0.0412311 27
0.127525 0.0382527 27
0.13674 0.005 27
0.0550219 0.005 27
0.0635304 0.659573 28
0.119711 0.692438 28
0.145136 0.678975 28
0.144889 0.608043 28
0.0750985 0.589661 28
0.0667636 0.594785 28
0.0671761 1.46175 29
0.131133 1.4812 29
0.161787 1.42064 29
0.12309 1.37747 29
0.0730036 1.38631 29
0.0748875 1.13487 30
0.140273 1.18646 30
0.189047 1.17336 30
0.205196 1.09503 30
0.150854 1.04493 30
0.143478 1.04604 30
0.0752525 1.11926 30
0.0702002 0.458905 31
0.0971555 0.484717 31
0.162544 0.487048 31
0.2018 0.444328 31
0.199023 0.391566 31
0.131781 0.349363 31
0.0905869 0.358209 31
0.076191 1.965 32
0.151855 1.965 32
0.125292 1.91162 32
0.0857278 1.9207 32
0.0776648 0.579996 33
0.149457 0.598905 33
0.184262 0.571257 33
0.157105 0.496861 33
0.0989496 0.494787 33
0.104451 0.792574 34
0.111549 0.801638 34
0.196066 0.813656 34
0.233362 0.744862 34
0.217954 0.71022 34
0.147726 0.688919 34
0.119792 0.703711 34
0.103248 0.165377 35
0.106136 0.205674 35
0.159268 0.227514 35
0.191775 0.17791 35
0.156043 0.135084 35
0.109867 0.811499 36
0.110217 0.873188 36
0.170706 0.890831 36
0.205576 0.844192 36
0.196984 0.823887 36
0.131346 1.90134 37
0.163025 1.965 37
0.195206 1.965 37
0.214558 1.90419 37
0.157386 1.87399 37
0.130377 1.68267 38
0.140572 1.76431 38
0.154095 1.77369 38
0.234612 1.74618 38
0.213292 1.65613 38
0.160336 1.64917 38
0.132699 1.59696 39
0.156244 1.63854 39
0.218161 1.64669 39
0.262995 1.61206 39
0.225263 1.52607 39
0.163271 1.52461 39
0.131723 1.37212 40
0.1708 1.41571 40
0.228138 1.41117 40
0.237159 1.40063 40
0.231486 1.30741 40
0.221147 1.29955 40
0.152895 1.3062 40
0.129715 1.26778 41
0.157814 1.29568 41
0.217133 1.2899 41
0.222643 1.20331 41
0.194937 1.18214 41
0.147048 1.195 41
0.134964 0.0488537 42
0.160884 0.100404 42
0.223845 0.0996581 42
0.257958 0.0586198 42
0.249251 0.005 42
0.147116 0.005 42
0.141472 1.48292 43
0.158494 1.51449 43
0.232497 1.51624 43
0.251986 1.49261 43
0.230602 1.421 43
0.170395 1.42578 43
0.139612 0.342471 44
0.201536 0.381337 44
0.225125 0.369131 44
0.249771 0.294423 44
0.173171 0.274485 44
0.154532 1.78411 45
0.161169 1.86468 45
0.225327 1.89857 45
0.266797 1.88804 45
0.289793 1.85396 45
0.25069 1.76238 45
0.234884 1.75665 45
0.154887 0.607363 46
0.155142 0.680719 46
0.215273 0.698957 46
0.25779 0.643659 46
0.234294 0.58732 46
0.192484 0.577497 46
0.160374 1.0401 47
0.211117 1.08689 47
0.266243 1.07346 47
0.284271 0.993141 47
0.202845 0.978319 47
0.163603 0.239142 48
0.174549 0.26451 48
0.256958 0.28596 48
0.259868 0.284389 48
0.266164 0.19903 48
0.232126 0.174933 48
0.200864 0.182285 48
0.161213 0.125672 49
0.20004 0.172206 49
0.226605 0.165958 49
0.220855 0.109694 49
0.167182 0.11033 49
0.167568 0.49636 50
0.193525 0.56747 50
0.238395 0.578011 50
0.297394 0.527918 50
0.267521 0.455918 50
0.21085 0.449259 50
0.179421 0.895875 51
0.202318 0.968059 51
0.288665 0.983776 51
0.319352 0.962387 51
0.278859 0.859581 51
0.212373 0.851802 51
0.205701 1.965 52
0.295418 1.965 52
0.271188 1.89724 52
0.223402 1.90937 52
0.199349 1.17292 53
0.22817 1.19495 53
0.294186 1.18255 53
0.313472 1.13751 53
0.26389 1.08433 53
0.215167 1.0962 53
0.205235 0.817726 54
0.215552 0.842105 54
0.279328 0.849567 54
0.309654 0.817527 54
0.294196 0.761557 54
0.241933 0.750034 54
0.20889 0.388791 55
0.211548 0.439272 55
0.271118 0.446272 55
0.283413 0.422547 55
0.226305 0.37978 55
0.223371 1.6553 56
0.245785 1.74997 56
0.252194 1.75229 56
0.33226 1.70525 56
0.275929 1.62014 56
0.269789 1.61945 56
0.227052 1.29148 57
0.237605 1.2995 57
0.301979 1.29046 57
0.326471 1.24039 57
0.293605 1.19284 57
0.232601 1.20429 57
0.225354 0.702251 58
0.242065 0.739823 58
0.297324 0.752007 58
0.337768 0.708591 58
0.321551 0.661072 58
0.265228 0.650392 58
0.234291 0.373266 59
0.290869 0.415638 59
0.336723 0.394459 59
0.324878 0.316802 59
0.264049 0.293496 59
0.259861 0.295757 59
0.230645 0.107121 60
0.236649 0.165882 60
0.271091 0.190266 60
0.352485 0.161402 60
0.361443 0.118932 60
0.333763 0.0767504 60
0.261432 0.0700844 60
0.236589 1.52699 61
0.272894 1.60973 61
0.27357 1.60981 61
0.336079 1.56843 61
0.325257 1.50072 61
0.259547 1.49916 61
0.238929 1.41394 62
0.261404 1.4892 62
0.327565 1.49077 62
0.341899 1.47491 62
0.322729 1.40362 62
0.245627 1.40612 62
0.241603 1.30904 63
0.2469 1.39607 63
0.325185 1.39353 63
0.347515 1.35599 63
0.304622 1.30019 63
0.244541 0.58591 64
0.267356 0.640617 64
0.321851 0.650951 64
0.356124 0.609848 64
0.335498 0.546711 64
0.301727 0.537357 64
0.260199 1.75918 65
0.29787 1.84741 65
0.370991 1.83935 65
0.395404 1.79685 65
0.351974 1.7103 65
0.344949 1.70939 65
0.259382 0.005 66
0.268425 0.0606865 66
0.329677 0.0663314 66
0.341848 0.005 66
0.274734 1.08129 67
0.325302 1.13553 67
0.389084 1.12779 67
0.418203 1.03889 67
0.327954 0.968581 67
0.294854 0.991652 67
0.26985 0.28501 68
0.325258 0.306239 68
0.39214 0.273912 68
0.398592 0.219297 68
0.355827 0.170827 68
0.276189 0.199068 68
0.278636 1.88837 69
0.306038 1.965 69
0.384485 1.965 69
0.406264 1.9112 69
0.372593 1.84923 69
0.299616 1.85728 69
0.284315 1.61469 70
0.33989 1.69866 70
0.360864 1.70136 70
0.396298 1.67561 70
0.389583 1.59592 70
0.339695 1.57803 70
0.277918 0.454884 71
0.308623 0.52889 71
0.335262 0.536269 71
0.384407 0.506045 71
0.385915 0.414323 71
0.346953 0.400749 71
0.293077 0.425633 71
0.287847 0.855113 72
0.327196 0.955015 72
0.329095 0.955005 72
0.395714 0.902201 72
0.382024 0.838304 72
0.315628 0.825763 72
0.302612 1.18828 73
0.336555 1.23739 73
0.393296 1.23426 73
0.413983 1.15736 73
0.395603 1.13707 73
0.320641 1.14617 73
0.304004 0.759507 74
0.319704 0.816356 74
0.389477 0.829535 74
0.419603 0.796671 74
0.398633 0.729167 74
0.343442 0.717171 74
0.311808 1.29313 75
0.354552 1.34874 75
0.390876 1.33958 75
0.412721 1.26699 75
0.393657 1.24425 75
0.334104 1.24754 75
0.334883 1.49759 76
0.346428 1.56982 76
0.394961 1.58722 76
0.440236 1.55389 76
0.422446 1.48744 76
0.349845 1.48104 76
0.33238 1.401 77
0.351234 1.47112 77
0.420646 1.47724 77
0.460051 1.43794 77
0.459966 1.39151 77
0.393784 1.34916 77
0.357819 1.35823 77
0.330466 0.656234 78
0.348116 0.707953 78
0.399433 0.719107 78
0.444351 0.672574 78
0.429995 0.62367 78
0.364259 0.615707 78
0.334403 0.312925 79
0.34614 0.389877 79
0.394795 0.406827 79
0.410875 0.399753 79
0.429059 0.309575 79
0.397852 0.282258 79
0.336076 0.962232 80
0.42183 1.02904 80
0.465655 1.01253 80
0.468433 1.00751 80
0.456906 0.933214 80
0.39902 0.912341 80
0.344572 0.542283 81
0.365309 0.605761 81
0.434334 0.614123 81
0.447696 0.597088 81
0.439698 0.532469 81
0.392033 0.513094 81
0.339643 0.067484 82
0.367072 0.109283 82
0.473765 0.0904138 82
0.478538 0.0490617 82
0.462301 0.005 82
0.352043 0.005 82
0.362347 0.163102 83
0.408248 0.215126 83
0.479181 0.191923 83
0.48101 0.109327 83
0.474034 0.100521 83
0.371729 0.118615 83
0.363807 1.71158 84
0.406203 1.79607 84
0.453389 1.7837 84
0.471742 1.7058 84
0.40303 1.68308 84
0.380509 1.84286 85
0.414996 1.90633 85
0.471496 1.91317 85
0.51612 1.88073 85
0.527962 1.85177 85
0.461239 1.79198 85
0.400599 1.80788 85
0.395274 1.965 86
0.482071 1.965 86
0.476249 1.92382 86
0.41495 1.9164 86
0.392773 0.840738 87
0.406407 0.904375 87
0.461855 0.924368 87
0.499392 0.899708 87
0.506288 0.807607 87
0.43143 0.798567 87
0.394453 0.503283 88
0.443948 0.523402 88
0.484203 0.500435 88
0.485648 0.445142 88
0.417294 0.407854 88
0.395868 0.417281 88
0.399642 1.5962 89
0.406162 1.67358 89
0.473852 1.69597 89
0.495117 1.68422 89
0.518351 1.62922 89
0.493976 1.56928 89
0.449459 1.55952 89
0.400681 1.3417 90
0.462218 1.38108 90
0.495931 1.36377 90
0.509018 1.27012 90
0.422287 1.26991 90
0.402358 1.23907 91
0.419826 1.2599 91
0.512492 1.26013 91
0.519251 1.25389 91
0.485368 1.16059 91
0.423747 1.15956 91
0.399894 1.12692 92
0.420355 1.1495 92
0.488792 1.15065 92
0.526822 1.11054 92
0.46694 1.02273 92
0.429385 1.03688 92
0.402331 0.272888 93
0.442947 0.308441 93
0.508516 0.287371 93
0.511176 0.220205 93
0.485915 0.200242 93
0.407898 0.225761 93
0.407769 0.72487 94
0.427383 0.788006 94
0.50771 0.797706 94
0.525777 0.784662 94
0.495359 0.69043 94
0.450168 0.680947 94
0.421299 0.398648 95
0.489135 0.435653 95
0.571383 0.381721 95
0.564171 0.335012 95
0.511444 0.296934 95
0.436985 0.320861 95
0.431067 1.48097 96
0.449348 1.54926 96
0.5029 1.56099 96
0.537645 1.53216 96
0.523354 1.46366 96
0.463674 1.44845 96
0.440182 0.622869 97
0.454499 0.671638 97
0.496723 0.680499 97
0.538835 0.639893 97
0.517044 0.594606 97
0.460901 0.596455 97
0.449673 0.531649 98
0.456473 0.586596 98
0.514793 0.584675 98
0.530605 0.551831 98
0.487129 0.510278 98
0.464242 1.78124 99
0.535264 1.84489 99
0.570358 1.83027 99
0.600264 1.75625 99
0.569053 1.70547 99
0.497812 1.69416 99
0.482807 1.70245 99
0.46996 1.38834 100
0.470054 1.43975 100
0.526275 1.45409 100
0.556483 1.42022 100
0.497973 1.37396 100
0.474846 1.01657 101
0.535531 1.10556 101
0.563295 1.10389 101
0.593206 1.0752 101
0.568128 0.981115 101
0.480233 1.00686 101
0.466986 0.932962 102
0.476982 0.997389 102
0.572088 0.969535 102
0.584155 0.945783 102
0.502894 0.909372 102
0.485184 1.91559 103
0.49217 1.965 103
0.548757 1.965 103
0.521288 1.88934 103
0.483189 0.0959736 104
0.488546 0.102735 104
0.567686 0.106583 104
0.592346 0.0608331 104
0.557414 0.0120424 104
0.487743 0.0565295 104
0.472958 0.005 105
0.487607 0.0447512 105
0.549862 0.005 105
0.494136 0.503142 106
0.539636 0.546629 106
0.589397 0.543413 106
0.641836 0.469753 106
0.631878 0.427253 106
0.576475 0.39034 106
0.495699 0.443307 106
0.489224 0.190111 107
0.515057 0.210527 107
0.587973 0.184118 107
0.593333 0.17069 107
0.563685 0.116401 107
0.490934 0.112863 107
0.505549 1.3672 108
0.566872 1.41569 108
0.585795 1.41405 108
0.638682 1.35786 108
0.628074 1.29318 108
0.566686 1.2571 108
0.524264 1.26287 108
0.519516 1.26725 108
0.495214 1.15841 109
0.529241 1.2521 109
0.564666 1.24728 109
0.605649 1.17361 109
0.560427 1.11408 109
0.535841 1.11556 109
0.505535 1.68526 110
0.570133 1.69551 110
0.586035 1.64509 110
0.524509 1.64034 110
0.505732 1.57164 111
0.529754 1.63071 111
0.592516 1.63557 111
0.595119 1.63342 111
0.594428 1.55562 111
0.542509 1.54112 111
0.509302 0.901286 112
0.583801 0.934666 112
0.613384 0.869387 112
0.547475 0.795385 112
0.529284 0.794464 112
0.516616 0.80361 112
0.504672 0.686726 113
0.536332 0.784808 113
0.54567 0.785281 113
0.614681 0.742757 113
0.615214 0.687975 113
0.581301 0.651407 113
0.544549 0.648275 113
0.524627 0.587302 114
0.549332 0.638647 114
0.589484 0.642069 114
0.620413 0.604471 114
0.596625 0.552966 114
0.539375 0.556667 114
0.518434 0.289647 115
0.570552 0.327285 115
0.637181 0.260826 115
0.588844 0.194438 115
0.521235 0.218925 115
0.527919 1.8783 116
0.559396 1.965 116
0.64835 1.965 116
0.65668 1.88791 116
0.575401 1.839 116
0.537538 1.85478 116
0.533108 1.46145 117
0.547876 1.53223 117
0.594092 1.54514 117
0.628706 1.5178 117
0.631386 1.45998 117
0.589285 1.42378 117
0.564814 1.4259 117
0.556426 0.790399 118
0.616117 0.85742 118
0.67186 0.845011 118
0.667303 0.784197 118
0.616199 0.753567 118
0.570512 1.11083 119
0.614706 1.16901 119
0.665124 1.16324 119
0.667478 1.1599 119
0.644656 1.08834 119
0.600158 1.08239 119
0.574646 0.337326 120
0.581493 0.381667 120
0.637821 0.419196 120
0.719373 0.367117 120
0.729007 0.319829 120
0.666528 0.25975 120
0.651848 0.26032 120
0.574413 0.115181 121
0.60059 0.163115 121
0.654772 0.147804 121
0.664629 0.0945168 121
0.624657 0.0583268 121
0.602928 0.0622758 121
0.564671 0.005 122
0.598922 0.0528401 122
0.62586 0.0479444 122
0.635472 0.005 122
0.580976 1.83068 123
0.665891 1.88178 123
0.716898 1.84762 123
0.699095 1.7517 123
0.609354 1.76044 123
0.578602 1.70191 124
0.608459 1.75048 124
0.698327 1.74173 124
0.707046 1.66072 124
0.603372 1.63957 124
0.596464 1.64528 124
0.574534 1.25011 125
0.632561 1.28422 125
0.681624 1.25084 125
0.666659 1.17313 125
0.614012 1.17915 125
0.578114 0.979751 126
0.602879 1.07266 126
0.645308 1.07834 126
0.690229 1.04512 126
0.684321 0.966103 126
0.676217 0.958848 126
0.591067 0.954256 126
0.604376 1.54976 127
0.605086 1.62971 127
0.710657 1.65126 127
0.737005 1.5611 127
0.734084 1.55358 127
0.637509 1.52359 127
0.596742 1.41701 128
0.637815 1.45232 128
0.68847 1.42233 128
0.691635 1.38603 128
0.646613 1.36402 128
0.59296 0.93868 129
0.59514 0.944461 129
0.668892 0.948439 129
0.680895 0.862394 129
0.672499 0.855114 129
0.626156 0.86543 129
0.594839 0.6513 130
0.621782 0.680351 130
0.680237 0.642887 130
0.679561 0.635279 130
0.625819 0.613641 130
0.602616 0.542087 131
0.631796 0.605268 131
0.687508 0.627698 131
0.745727 0.55162 131
0.728651 0.502631 131
0.650939 0.47421 131
0.596955 0.188589 132
0.64217 0.250689 132
0.668313 0.249673 132
0.693258 0.20491 132
0.654637 0.158233 132
0.603278 0.172747 132
0.62464 0.746968 133
0.66964 0.773939 133
0.745474 0.72119 133
0.689948 0.64854 133
0.625195 0.690042 133
0.634756 0.0539807 134
0.672396 0.0880589 134
0.74606 0.0513993 134
0.743031 0.005 134
0.645719 0.005 134
0.638913 1.51356 135
0.736482 1.54385 135
0.758656 1.47876 135
0.685819 1.43552 135
0.641309 1.46188 135
0.638103 1.29254 136
0.648122 1.35363 136
0.691699 1.37493 136
0.733749 1.35615 136
0.748351 1.28224 136
0.689391 1.25765 136
0.642361 0.428162 137
0.65063 0.463449 137
0.737871 0.495355 137
0.785569 0.425724 137
0.721941 0.377342 137
0.653902 1.08443 138
0.676108 1.15405 138
0.734717 1.13299 138
0.73575 1.06718 138
0.698676 1.05132 138
0.658408 1.965 139
0.802006 1.965 139
0.806443 1.93482 139
0.757393 1.86312 139
0.72119 1.85678 139
0.666116 1.89366 139
0.663853 0.153685 140
0.699317 0.196546 140
0.765448 0.194859 140
0.80128 0.119738 140
0.789465 0.0841236 140
0.756507 0.0573698 140
0.674083 0.0983894 140
0.675458 1.16594 141
0.691176 1.24756 141
0.755073 1.27421 141
0.798283 1.25286 141
0.783088 1.16428 141
0.737897 1.14248 141
0.676432 1.16456 141
0.679054 0.947966 142
0.693536 0.960931 142
0.781441 0.946472 142
0.783587 0.943988 142
0.748534 0.872653 142
0.69031 0.867283 142
0.677087 0.78094 143
0.68229 0.850367 143
0.690205 0.857231 143
0.742661 0.862069 143
0.804111 0.786014 143
0.770121 0.73162 143
0.754328 0.727213 143
0.676521 0.255487 144
0.737009 0.31365 144
0.761959 0.306223 144
0.789164 0.235126 144
0.768713 0.204779 144
0.703857 0.206433 144
0.694705 0.970873 145
0.699947 1.04098 145
0.742068 1.059 145
0.777102 1.04063 145
0.772815 0.958025 145
0.693348 0.636521 146
0.754838 0.716973 146
0.770471 0.721336 146
0.865197 0.645207 146
0.864843 0.608935 146
0.842575 0.574666 146
0.75427 0.556911 146
0.697754 1.43098 147
0.76197 1.4691 147
0.779074 1.40571 147
0.73193 1.36791 147
0.70209 1.38124 147
0.709291 1.75184 148
0.727076 1.84766 148
0.754497 1.85246 148
0.808457 1.78525 148
0.798691 1.75881 148
0.708426 1.74135 149
0.708841 1.74178 149
0.802278 1.74906 149
0.823052 1.69527 149
0.720745 1.65684 149
0.717223 1.65962 149
0.722386 1.64677 150
0.82813 1.6865 150
0.842207 1.67774 150
0.859313 1.5938 150
0.745529 1.56758 150
0.728966 0.370121 151
0.791866 0.417949 151
0.80876 0.358453 151
0.761952 0.316659 151
0.738432 0.32366 151
0.744237 1.5521 152
0.746338 1.5575 152
0.863532 1.58451 152
0.87406 1.51365 152
0.858874 1.48967 152
0.768753 1.48013 152
0.742479 1.36355 153
0.786571 1.3989 153
0.859513 1.38377 153
0.868669 1.35129 153
0.809552 1.25885 153
0.808999 1.25872 153
0.758236 1.2838 153
0.744692 1.13465 154
0.788217 1.15565 154
0.837484 1.12921 154
0.830966 1.06638 154
0.78254 1.04907 154
0.745733 1.06837 154
0.741186 0.50821 155
0.754631 0.546783 155
0.839967 0.563941 155
0.873073 0.508193 155
0.859102 0.46065 155
0.797994 0.429344 155
0.794532 0.430334 155
0.753052 0.005 156
0.755581 0.0437378 156
0.807166 0.0856119 156
0.88412 0.0187137 156
0.882295 0.005 156
0.764566 1.85589 157
0.807418 1.91853 157
0.89562 1.88997 157
0.884327 1.82051 157
0.813564 1.79486 157
0.754869 0.862871 158
0.792951 0.940369 158
0.851167 0.939698 158
0.886796 0.862518 158
0.847068 0.796669 158
0.814186 0.789456 158
0.771972 1.47042 159
0.852179 1.47891 159
0.873725 1.41091 159
0.86311 1.39324 159
0.788628 1.40869 159
0.770785 0.31114 160
0.810577 0.34667 160
0.896695 0.320691 160
0.901701 0.310336 160
0.879712 0.245482 160
0.797451 0.241452 160
0.782933 0.960039 161
0.787086 1.04008 161
0.834498 1.05702 161
0.860682 1.0405 161
0.859263 0.956317 161
0.852587 0.949682 161
0.791272 0.950389 161
0.779146 0.727192 162
0.811254 0.778575 162
0.855099 0.788193 162
0.926377 0.716203 162
0.921023 0.694443 162
0.869707 0.654411 162
0.775516 0.19698 163
0.798782 0.231505 163
0.880414 0.235504 163
0.9035 0.194978 163
0.885862 0.144919 163
0.810154 0.124361 163
0.793238 1.1643 164
0.807615 1.24811 164
0.820692 1.25121 164
0.883221 1.21082 164
0.875569 1.15023 164
0.845028 1.13651 164
0.80168 0.419997 165
0.86693 0.453424 165
0.926795 0.404042 165
0.900472 0.329996 165
0.820374 0.35416 165
0.8054 0.100397 166
0.809888 0.113926 166
0.888592 0.135299 166
0.920794 0.0734334 166
0.911306 0.0532655 166
0.881665 0.0340978 166
0.812114 1.965 167
0.905783 1.965 167
0.90077 1.90224 167
0.897868 1.89976 167
0.817898 1.92565 167
0.809293 1.75866 168
0.819539 1.78639 168
0.886363 1.81061 168
0.940366 1.75866 168
0.939438 1.73697 168
0.845915 1.68721 168
0.83403 1.6946 168
0.823138 1.26153 169
0.874807 1.34233 169
0.952847 1.31018 169
0.943542 1.24517 169
0.887611 1.21989 169
0.84086 1.06483 170
0.847262 1.12655 170
0.884188 1.14314 170
0.924613 1.11557 170
0.915633 1.05679 170
0.872839 1.04466 170
0.852118 1.67918 171
0.940342 1.72612 171
0.999685 1.6701 171
1.00065 1.65392 171
0.945669 1.58331 171
0.878772 1.58883 171
0.868678 1.59792 171
0.849656 0.56721 172
0.873907 0.604531 172
0.947853 0.577813 172
0.941322 0.526314 172
0.884282 0.508904 172
0.863078 1.47762 173
0.881449 1.50663 173
0.956144 1.50346 173
0.951867 1.43502 173
0.881566 1.41927 173
0.869309 0.958947 174
0.870567 1.03362 174
0.920608 1.04781 174
0.951555 1.01546 174
0.931885 0.965214 174
0.860466 0.943414 175
0.86561 0.948526 175
0.93241 0.955216 175
0.969798 0.898435 175
0.962237 0.878723 175
0.895401 0.867736 175
0.859516 0.797945 176
0.895521 0.857621 176
0.959116 0.868075 176
1.00665 0.789617 176
0.9967 0.76155 176
0.929189 0.727576 176
0.874439 1.57915 177
0.944912 1.57334 177
0.958807 1.52145 177
0.952436 1.51363 177
0.883741 1.51654 177
0.869643 1.3847 178
0.884677 1.40972 178
0.952647 1.42495 178
0.987971 1.39047 178
0.97525 1.32632 178
0.962322 1.31709 178
0.879026 1.35141 178
0.874901 0.614805 179
0.875206 0.646018 179
0.925657 0.685375 179
0.988363 0.618416 179
0.953206 0.586512 179
0.870376 0.463545 180
0.880273 0.497225 180
0.942588 0.516245 180
0.977585 0.478959 180
0.965881 0.427425 180
0.929852 0.414484 180
0.893923 1.81722 181
0.90518 1.88646 181
0.996359 1.88479 181
1.01652 1.86028 181
1.01323 1.81684 181
0.941364 1.77158 181
0.886115 1.15393 182
0.89339 1.21153 182
0.947846 1.23614 182
0.992248 1.19693 182
0.983455 1.14659 182
0.931449 1.12302 182
0.888767 0.241044 183
0.910145 0.304098 183
1.00091 0.294704 183
1.02217 0.257231 183
1.0135 0.206659 183
0.91239 0.199574 183
0.892383 0.005 184
0.895894 0.0313906 184
0.916981 0.0450269 184
0.932301 0.005 184
0.895816 0.143079 185
0.912185 0.189535 185
1.01262 0.196573 185
1.0205 0.185907 185
1.01963 0.0969545 185
1.00893 0.0854101 185
0.927749 0.0817305 185
0.910332 1.89636 186
0.915815 1.965 186
0.997802 1.965 186
0.989856 1.89491 186
0.907788 0.320721 187
0.93844 0.406943 187
0.967137 0.417251 187
1.0182 0.37546 187
1.02253 0.337578 187
1.00301 0.30454 187
0.911007 0.314062 187
0.925763 1.05689 188
0.934392 1.11337 188
0.987098 1.13726 188
1.05613 1.09215 188
1.02323 1.02907 188
0.95975 1.02136 188
0.923559 0.0558187 189
0.931111 0.0718727 189
1.00892 0.0753992 189
1.01106 0.005 189
0.943008 0.005 189
0.931226 0.694058 190
0.937784 0.720706 190
1.00149 0.752765 190
1.04451 0.681123 190
1.00125 0.620184 190
1.00049 0.620094 190
0.940825 0.960619 191
0.960706 1.0114 191
1.02681 1.01944 191
1.06185 0.938486 191
0.97701 0.905665 191
0.949213 1.7315 192
0.950673 1.76562 192
1.01952 1.80898 192
1.07537 1.7643 192
1.07165 1.72383 192
1.00473 1.6791 192
0.954065 1.57782 193
1.00482 1.64299 193
1.09684 1.59486 193
1.09329 1.55703 193
1.06184 1.52248 193
0.96752 1.52757 193
0.953541 1.24445 194
0.962163 1.30469 194
0.981135 1.31824 194
1.07172 1.29336 194
1.07717 1.27804 194
1.05765 1.21744 194
1.001 1.20254 194
0.95086 0.522044 195
0.95786 0.577231 195
0.993017 0.609136 195
1.00507 0.610567 195
1.07112 0.548667 195
1.06914 0.507087 195
0.987984 0.482491 195
0.961585 1.4302 196
0.966921 1.51558 196
0.968488 1.5175 196
1.06173 1.51247 196
1.08272 1.4409 196
1.06267 1.4103 196
0.995031 1.39756 196
0.969617 0.870041 197
0.979545 0.895924 197
1.06796 0.930127 197
1.09606 0.916935 197
1.08749 0.822608 197
1.01615 0.793233 197
0.975252 0.423532 198
0.986142 0.471484 198
1.07845 0.499458 198
1.08471 0.493212 198
1.08666 0.403565 198
1.02368 0.383895 198
0.985651 1.32737 199
0.99765 1.38787 199
1.0585 1.39934 199
1.08869 1.3495 199
1.06903 1.30446 199
0.99335 1.14512 200
1.0016 1.19236 200
1.06171 1.20817 200
1.08285 1.18273 200
1.06245 1.09997 200
1.00005 1.89605 201
1.00787 1.965 201
1.11876 1.965 201
1.13179 1.891 201
1.13038 1.88694 201
1.0225 1.86875 201
1.00969 1.67039 202
1.07064 1.71112 202
1.11514 1.68352 202
1.1042 1.60229 202
1.01084 1.65113 202
1.00752 0.762144 203
1.01446 0.781723 203
1.09245 0.813836 203
1.14861 0.784308 203
1.14129 0.684726 203
1.05312 0.686215 203
1.01188 0.617888 204
1.05329 0.67621 204
1.1401 0.674744 204
1.13992 0.592498 204
1.07675 0.557097 204
1.01065 0.297807 205
1.03474 0.338575 205
1.08365 0.331554 205
1.09199 0.288187 205
1.03014 0.263436 205
1.0234 1.81868 206
1.02648 1.85928 206
1.13065 1.87684 206
1.13536 1.86312 206
1.11759 1.78843 206
1.08005 1.77337 206
1.02251 0.200023 207
1.03163 0.253261 207
1.09496 0.278605 207
1.14603 0.237811 207
1.14049 0.197522 207
1.12756 0.184624 207
1.03024 0.189555 207
1.01875 0.0812871 208
1.02712 0.0903298 208
1.1014 0.0820126 208
1.12972 0.0132942 208
1.12857 0.005 208
1.02107 0.005 208
1.02833 0.374871 209
1.0896 0.394006 209
1.09776 0.385035 209
1.0803 0.342138 209
1.03127 0.349175 209
1.02966 0.100108 210
1.03044 0.179532 210
1.12338 0.174823 210
1.13136 0.124596 210
1.10071 0.092153 210
1.03398 1.02805 211
1.06634 1.09012 211
1.07134 1.09241 211
1.14197 1.0787 211
1.1779 1.03873 211
1.18201 1.00151 211
1.12549 0.931333 211
1.10062 0.925842 211
1.07251 0.939039 211
1.07072 1.51737 212
1.09603 1.54518 212
1.16243 1.50966 212
1.15132 1.44351 212
1.09181 1.44543 212
1.06887 1.40152 213
1.0911 1.43544 213
1.15081 1.43352 213
1.15792 1.42457 213
1.14665 1.37038 213
1.0973 1.35458 213
1.06783 1.21645 214
1.08615 1.27332 214
1.17826 1.24785 214
1.15834 1.19493 214
1.09267 1.18656 214
1.0733 1.10221 215
1.09157 1.17634 215
1.16075 1.18515 215
1.18841 1.13388 215
1.14964 1.0874 215
1.08102 1.71646 216
1.08546 1.76476 216
1.12175 1.77933 216
1.14867 1.76159 216
1.1519 1.70873 216
1.12196 1.69106 216
1.07908 1.30249 217
1.09723 1.34406 217
1.14876 1.36056 217
1.20599 1.3009 217
1.20033 1.26971 217
1.18204 1.25718 217
1.08573 1.28381 217
1.07942 0.512612 218
1.0811 0.548075 218
1.14671 0.58484 218
1.18252 0.560402 218
1.17807 0.507097 218
1.09805 0.494035 218
1.09493 0.483392 219
1.17965 0.497222 219
1.20031 0.477856 219
1.19336 0.402384 219
1.10484 0.392114 219
1.09672 0.40104 219
1.09157 0.343312 220
1.10746 0.382352 220
1.19797 0.392852 220
1.23097 0.364941 220
1.2205 0.277923 220
1.15288 0.245134 220
1.10275 0.28518 220
1.10294 1.55282 221
1.10646 1.59034 221
1.11628 1.59881 221
1.20279 1.58467 221
1.20542 1.53735 221
1.17136 1.51622 221
1.09752 0.82247 222
1.10609 0.916809 222
1.12877 0.921817 222
1.17552 0.899819 222
1.19176 0.813707 222
1.15529 0.792095 222
1.11521 1.60912 223
1.12492 1.6812 223
1.16211 1.70315 223
1.21276 1.68516 223
1.22478 1.6278 223
1.19611 1.59589 223
1.10999 0.0874181 224
1.13875 0.117854 224
1.17072 0.11208 224
1.18373 0.0729104 224
1.13911 0.016744 224
1.12891 1.965 225
1.21424 1.965 225
1.21631 1.93729 225
1.14158 1.89308 225
1.12763 1.78743 226
1.14413 1.85678 226
1.21075 1.80711 226
1.20996 1.79992 226
1.15555 1.76903 226
1.13328 0.17621 227
1.14743 0.190316 227
1.19102 0.147059 227
1.17653 0.121191 227
1.14101 0.127608 227
1.13997 1.88051 228
1.22442 1.93047 228
1.2675 1.90005 228
1.27239 1.86024 228
1.21764 1.81445 228
1.14372 1.86956 228
1.1366 0.929185 229
1.18673 0.991423 229
1.23517 0.958339 229
1.23496 0.948188 229
1.17492 0.911151 229
1.15126 0.684046 230
1.1585 0.782372 230
1.20287 0.808669 230
1.25946 0.799107 230
1.27417 0.78305 230
1.2533 0.674759 230
1.24221 0.668852 230
1.14992 0.594752 231
1.15009 0.672775 231
1.1514 0.673886 231
1.23763 0.659479 231
1.22574 0.582972 231
1.18772 0.568961 231
1.15104 0.20082 232
1.15579 0.235432 232
1.22327 0.268153 232
1.26474 0.246776 232
1.27967 0.169439 232
1.20025 0.151994 232
1.14255 0.005 233
1.18822 0.062483 233
1.26361 0.0362952 233
1.26625 0.005 233
1.15882 1.75939 234
1.21314 1.79023 234
1.24841 1.74022 234
1.21564 1.69475 234
1.1616 1.71394 234
1.16045 1.43748 235
1.17174 1.50468 235
1.20914 1.52789 235
1.2567 1.503 235
1.25044 1.43767 235
1.16477 1.43203 235
1.15621 1.36723 236
1.16765 1.4222 236
1.24879 1.42754 236
1.26914 1.40973 236
1.27085 1.35051 236
1.21126 1.30985 236
1.15541 1.07871 237
1.19082 1.12116 237
1.22833 1.10857 237
1.23046 1.09705 237
1.17749 1.05415 237
1.16812 1.19254 238
1.18993 1.25046 238
1.20305 1.25945 238
1.27992 1.21471 238
1.28007 1.15764 238
1.23119 1.11816 238
1.20319 1.12756 238
1.18464 0.905397 239
1.23625 0.937231 239
1.28736 0.897254 239
1.2624 0.808751 239
1.20091 0.819142 239
1.18187 0.110244 240
1.19941 0.141572 240
1.28295 0.159921 240
1.29283 0.0865099 240
1.25839 0.0486957 240
1.195 0.0707142 240
1.18684 1.04886 241
1.23522 1.08805 241
1.29034 1.05293 241
1.28968 0.998689 241
1.24046 0.966841 241
1.19227 0.999748 241
1.18779 0.503302 242
1.19253 0.560076 242
1.22649 0.57259 242
1.26567 0.547088 242
1.26434 0.503506 242
1.20538 0.486808 242
1.20331 0.401435 243
1.21035 0.477822 243
1.27042 0.494836 243
1.29151 0.482423 243
1.30984 0.437041 243
1.27055 0.376518 243
1.23812 0.371998 243
1.21203 1.59864 244
1.23274 1.6217 244
1.31979 1.59036 244
1.28335 1.51824 244
1.2629 1.51104 244
1.21552 1.53584 244
1.21 1.26698 245
1.21619 1.30112 245
1.27894 1.34392 245
1.34213 1.30352 245
1.32924 1.24388 245
1.28812 1.22151 245
1.22426 1.965 246
1.31829 1.965 246
1.27352 1.90804 246
1.22602 1.94159 246
1.21982 1.79811 247
1.22044 1.80376 247
1.27803 1.85193 247
1.33518 1.81064 247
1.31531 1.75247 247
1.25748 1.74471 247
1.22255 1.68723 248
1.25661 1.7345 248
1.31602 1.74248 248
1.36654 1.69056 248
1.36386 1.64645 248
1.3201 1.60088 248
1.23416 1.63181 248
1.23521 0.578841 249
1.24792 0.660563 249
1.25986 0.666922 249
1.32731 0.641109 249
1.3126 0.56947 249
1.27095 0.555587 249
1.23032 0.275774 250
1.24072 0.362265 250
1.2683 0.366109 250
1.31959 0.324657 250
1.32069 0.298605 250
1.26364 0.258591 250
1.23808 1.11087 251
1.28742 1.15071 251
1.3241 1.13235 251
1.33022 1.08017 251
1.29755 1.06019 251
1.24075 1.09638 251
1.24486 0.943191 252
1.24517 0.957979 252
1.29565 0.99064 252
1.32928 0.970738 252
1.33076 0.917699 252
1.29413 0.904656 252
1.25986 1.43114 253
1.26663 1.50175 253
1.28437 1.508 253
1.33266 1.48225 253
1.33615 1.45602 253
1.27328 1.4194 253
1.27077 0.801564 254
1.29715 0.895115 254
1.3365 0.909129 254
1.37267 0.889994 254
1.38244 0.825551 254
1.35015 0.79166 254
1.27606 0.795783 254
1.26375 0.676139 255
1.28478 0.785283 255
1.33986 0.782217 255
1.37982 0.725094 255
1.35852 0.661596 255
1.33249 0.649834 255
1.27436 0.50412 256
1.27566 0.546618 256
1.31939 0.561193 256
1.35422 0.522155 256
1.30241 0.487614 256
1.27365 0.253392 257
1.32898 0.292203 257
1.37425 0.265964 257
1.3822 0.199897 257
1.29298 0.169017 257
1.28946 0.171495 257
1.27254 0.0493874 258
1.29936 0.0788286 258
1.37884 0.0405688 258
1.38146 0.005 258
1.27628 0.005 258
1.2779 1.89743 259
1.33101 1.965 259
1.37641 1.965 259
1.41697 1.8647 259
1.3981 1.83287 259
1.34252 1.81767 259
1.28235 1.86114 259
1.2791 1.41122 260
1.34131 1.44745 260
1.41147 1.4097 260
1.38361 1.32739 260
1.34577 1.31306 260
1.28073 1.35464 260
1.27864 0.370614 261
1.31946 0.433489 261
1.36673 0.425287 261
1.37273 0.369196 261
1.32341 0.334423 261
1.29283 1.51482 262
1.3264 1.58128 262
1.364 1.53162 262
1.33434 1.49269 262
1.28993 1.21111 263
1.33159 1.23378 263
1.38501 1.19044 263
1.38383 1.18207 263
1.32553 1.14282 263
1.29007 1.16057 263
1.29323 0.15852 264
1.38372 0.189841 264
1.40646 0.178993 264
1.43859 0.107652 264
1.38408 0.0491458 264
1.30267 0.0883311 264
1.2997 0.999866 265
1.3003 1.05015 265
1.3369 1.07253 265
1.37396 1.05616 265
1.37852 1.00633 265
1.33284 0.980252 265
1.30449 0.476986 266
1.35712 0.512073 266
1.36575 0.509579 266
1.38176 0.448628 266
1.36784 0.435244 266
1.31785 0.443918 266
1.32441 1.74818 267
1.34483 1.80793 267
1.39498 1.82165 267
1.44863 1.75308 267
1.44217 1.73106 267
1.37336 1.69789 267
1.32942 1.59615 268
1.36719 1.63548 268
1.45294 1.59793 268
1.42929 1.53596 268
1.37461 1.53417 268
1.32968 1.59352 268
1.33371 1.13628 269
1.38616 1.17158 269
1.43602 1.10581 269
1.37808 1.06527 269
1.34007 1.08206 269
1.3233 0.571841 270
1.33752 0.641136 270
1.35866 0.650686 270
1.43788 0.610261 270
1.44406 0.578872 270
1.3673 0.522509 270
1.32952 0.326493 271
1.37808 0.360727 271
1.41622 0.340965 271
1.41477 0.292496 271
1.38192 0.273075 271
1.33052 0.302868 271
1.34219 1.4865 272
1.3708 1.52404 272
1.42839 1.52592 272
1.45054 1.49266 272
1.41754 1.41779 272
1.34622 1.45616 272
1.3388 1.2408 273
1.35268 1.30499 273
1.38201 1.3161 273
1.44139 1.27351 273
1.43853 1.2357 273
1.38863 1.20038 273
1.33924 0.97239 274
1.38171 0.996638 274
1.43879 0.961289 274
1.44055 0.944531 274
1.37411 0.900545 274
1.34075 0.918197 274
1.35329 0.78046 275
1.38651 0.815325 275
1.4565 0.785441 275
1.4452 0.750296 275
1.38501 0.735116 275
1.37371 1.64354 276
1.37642 1.68826 276
1.44736 1.72246 276
1.48712 1.66628 276
1.4583 1.6065 276
1.36764 0.657331 277
1.39075 0.726251 277
1.44886 0.740905 277
1.48411 0.68133 277
1.44137 0.619707 277
1.38719 1.965 278
1.52136 1.965 278
1.50864 1.88579 278
1.42126 1.88078 278
1.38391 1.05714 279
1.44577 1.10043 279
1.45391 1.09955 279
1.49293 1.02413 279
1.4396 0.972551 279
1.38878 1.00402 279
1.38219 0.893903 280
1.44129 0.933032 280
1.49318 0.898565 280
1.48727 0.808603 280
1.46316 0.793471 280
1.39286 0.823484 280
1.37455 0.515424 281
1.45044 0.571152 281
1.50227 0.539293 281
1.50972 0.472203 281
1.46003 0.430628 281
1.39195 0.449197 281
1.37633 0.429537 282
1.38731 0.440096 282
1.45426 0.421836 282
1.45654 0.369506 282
1.42154 0.349472 282
1.38275 0.369568 282
1.38466 0.263083 283
1.4181 0.282845 283
1.46917 0.253012 283
1.4713 0.243833 283
1.39856 0.19384 283
1.39267 0.196654 283
1.39207 1.32119 284
1.42152 1.40821 284
1.4252 1.40969 284
1.506 1.37711 284
1.49171 1.30175 284
1.44611 1.28243 284
1.39343 1.17853 285
1.39547 1.19297 285
1.4437 1.22711 285
1.49782 1.20106 285
1.50645 1.15715 285
1.45591 1.10939 285
1.44495 1.11058 285
1.38893 0.0396867 286
1.44687 0.101867 286
1.47595 0.0976148 286
1.51538 0.0274101 286
1.51096 0.005 286
1.39149 0.005 286
1.40506 1.82499 287
1.43258 1.87141 287
1.50697 1.87568 287
1.51145 1.86956 287
1.49639 1.77813 287
1.4563 1.7595 287
1.41203 0.190963 288
1.47515 0.234347 288
1.51183 0.211897 288
1.52018 0.140269 288
1.47417 0.107981 288
1.44766 0.111857 288
1.42472 0.290558 289
1.42621 0.340625 289
1.46304 0.361703 289
1.51303 0.323865 289
1.47026 0.263954 289
1.42898 1.41895 290
1.46056 1.4906 290
1.51641 1.48923 290
1.54411 1.40719 290
1.51197 1.38548 290
1.43771 1.52997 291
1.46237 1.59461 291
1.54428 1.56597 291
1.55027 1.55025 291
1.51177 1.49935 291
1.45722 1.50068 291
1.45286 1.732 292
1.45791 1.74922 292
1.51497 1.77574 292
1.56751 1.73737 292
1.53808 1.67566 292
1.49516 1.67223 292
1.44857 1.23587 293
1.45144 1.27382 293
1.49642 1.29288 293
1.5342 1.25164 293
1.5041 1.20914 293
1.44825 0.967004 294
1.50261 1.01959 294
1.54476 1.01075 294
1.55918 0.931614 294
1.50201 0.904704 294
1.45124 0.93843 294
1.44784 0.611479 295
1.49174 0.674789 295
1.57901 0.675215 295
1.58088 0.580591 295
1.50884 0.546993 295
1.45388 0.580779 295
1.46349 1.10279 296
1.51517 1.15163 296
1.57759 1.13028 296
1.59627 1.05368 296
1.54947 1.01998 296
1.50109 1.03012 296
1.45543 0.74944 297
1.46645 0.783732 297
1.49433 0.801226 297
1.56338 0.779007 297
1.57738 0.685207 297
1.49368 0.684798 297
1.4643 0.421162 298
1.51851 0.466516 298
1.58934 0.440867 298
1.5951 0.388801 298
1.54265 0.330137 298
1.52162 0.32991 298
1.46646 0.371657 298
1.46785 1.60328 299
1.49629 1.66229 299
1.5331 1.66523 299
1.56255 1.63513 299
1.54391 1.57669 299
1.47828 0.257976 300
1.5225 0.319919 300
1.54406 0.320152 300
1.58219 0.256639 300
1.57712 0.243401 300
1.51708 0.220406 300
1.48202 0.241867 300
1.48441 0.102956 301
1.5267 0.132627 301
1.55652 0.122508 301
1.56919 0.0570303 301
1.5243 0.0319564 301
1.50188 1.30172 302
1.516 1.37614 302
1.55087 1.39968 302
1.60742 1.39286 302
1.63217 1.25445 302
1.62946 1.25111 302
1.54989 1.24933 302
1.49743 0.810733 303
1.5029 0.894073 303
1.56421 0.922933 303
1.60218 0.907738 303
1.61943 0.823371 303
1.56146 0.79013 303
1.51754 1.87816 304
1.53149 1.965 304
1.642 1.965 304
1.65648 1.86668 304
1.64372 1.84717 304
1.52501 1.86795 304
1.5089 1.79255 305
1.5198 1.85871 305
1.63256 1.83897 305
1.63743 1.78068 305
1.60572 1.74753 305
1.57553 1.7439 305
1.50858 1.19816 306
1.53753 1.23905 306
1.62799 1.24107 306
1.6319 1.18995 306
1.57594 1.14141 306
1.51568 1.16202 306
1.51251 0.537671 307
1.58178 0.569975 307
1.62265 0.539224 307
1.60906 0.461469 307
1.59159 0.450688 307
1.51926 0.476878 307
1.52378 1.49866 308
1.55768 1.54348 308
1.62517 1.52541 308
1.64385 1.42873 308
1.60856 1.4028 308
1.55393 1.40939 308
1.52194 0.211558 309
1.57867 0.233286 309
1.61659 0.167178 309
1.5576 0.1327 309
1.53004 0.142054 309
1.52115 0.005 310
1.5242 0.0204487 310
1.57344 0.0479475 310
1.61157 0.0284808 310
1.61783 0.005 310
1.54514 1.66723 311
1.57699 1.734 311
1.6028 1.73711 311
1.6176 1.66119 311
1.56752 1.64436 311
1.55281 1.57168 312
1.57324 1.63573 312
1.62371 1.65269 312
1.67181 1.62817 312
1.67646 1.56499 312
1.63466 1.53322 312
1.55982 1.55326 312
1.55479 1.01149 313
1.59995 1.04401 313
1.64211 1.03297 313
1.65904 0.950429 313
1.60797 0.916194 313
1.56933 0.931655 313
1.55228 0.325899 314
1.5956 0.374352 314
1.65031 0.36615 314
1.685 0.308815 314
1.66776 0.283778 314
1.58846 0.265615 314
1.56602 0.126038 315
1.62566 0.160896 315
1.631 0.159621 315
1.6548 0.092269 315
1.61191 0.0395326 315
1.57957 0.0560451 315
1.57259 0.78499 316
1.61929 0.811764 316
1.64105 0.801689 316
1.66494 0.745666 316
1.64917 0.706481 316
1.58675 0.690175 316
1.58622 1.13709 317
1.63746 1.18153 317
1.696 1.13826 317
1.69111 1.07432 317
1.64221 1.04328 317
1.60685 1.05254 317
1.58897 0.676943 318
1.59302 0.681478 318
1.6576 0.698347 318
1.72411 0.635727 318
1.70538 0.563603 318
1.63339 0.543664 318
1.59098 0.575566 318
1.58645 0.239814 319
1.59278 0.256346 319
1.66676 0.273291 319
1.68791 0.210794 319
1.63744 0.168363 319
1.62585 0.171132 319
1.59911 0.443573 320
1.61593 0.453953 320
1.66909 0.417338 320
1.65477 0.375592 320
1.60581 0.382933 320
1.61241 1.74006 321
1.6479 1.77715 321
1.74389 1.7259 321
1.72313 1.65544 321
1.67832 1.63608 321
1.62765 1.66191 321
1.6125 0.907192 322
1.66773 0.944217 322
1.73881 0.923456 322
1.7257 0.837006 322
1.64553 0.810635 322
1.63085 0.817432 322
1.61692 1.39653 323
1.6519 1.42225 323
1.69758 1.41857 323
1.75256 1.33815 323
1.71671 1.2773 323
1.6413 1.26025 323
1.61958 0.463577 324
1.63169 0.532817 324
1.70889 0.554197 324
1.74487 0.5245 324
1.74515 0.450442 324
1.6703 0.428648 324
1.62041 0.0341309 325
1.66034 0.0832348 325
1.7234 0.0568979 325
1.69631 0.005 325
1.62818 0.005 325
1.64347 1.82853 326
1.66571 1.86252 326
1.73537 1.89686 326
1.7846 1.88682 326
1.82754 1.82179 326
1.78802 1.7508 326
1.74886 1.73459 326
1.64677 1.78908 326
1.63607 1.52172 327
1.68495 1.55889 327
1.72828 1.54717 327
1.74961 1.4692 327
1.70358 1.42812 327
1.65337 1.43216 327
1.63769 1.24538 328
1.64147 1.25003 328
1.72343 1.26856 328
1.78072 1.21424 328
1.76272 1.15608 328
1.70773 1.14203 328
1.64187 1.1907 328
1.64183 0.158988 329
1.69196 0.20113 329
1.74949 0.199157 329
1.78135 0.128885 329
1.73335 0.0635769 329
1.66553 0.0919031 329
1.65211 1.965 330
1.70055 1.965 330
1.71507 1.898 330
1.66557 1.8736 330
1.65143 1.03729 331
1.69624 1.06573 331
1.75157 1.05197 331
1.77524 1.00121 331
1.73654 0.934538 331
1.66842 0.954431 331
1.65173 0.802146 332
1.73035 0.828009 332
1.75692 0.799559 332
1.7514 0.773557 332
1.67428 0.749268 332
1.66094 0.708936 333
1.67276 0.738305 333
1.75424 0.763967 333
1.79308 0.713053 333
1.77281 0.657428 333
1.72998 0.643935 333
1.66207 0.366033 334
1.68104 0.421361 334
1.75383 0.442553 334
1.76318 0.435048 334
1.77162 0.363831 334
1.70689 0.314903 334
1.69288 0.315101 334
1.68195 1.62675 335
1.72514 1.64542 335
1.77402 1.59164 335
1.73065 1.55689 335
1.6862 1.56891 335
1.67579 0.277811 336
1.69457 0.305076 336
1.70764 0.304892 336
1.76744 0.230225 336
1.74861 0.209193 336
1.69843 0.210914 336
1.70117 1.07481 337
1.70548 1.13113 337
1.75984 1.14502 337
1.78047 1.12092 337
1.75011 1.06264 337
1.71078 1.965 338
1.81289 1.965 338
1.78522 1.8969 338
1.72278 1.90964 338
1.70901 1.41956 339
1.75334 1.45913 339
1.79982 1.453 339
1.82348 1.38595 339
1.78423 1.34599 339
1.76097 1.34356 339
1.70759 0.005 340
1.72826 0.0445978 340
1.73972 0.0466961 340
1.76351 0.005 340
1.71527 0.561895 341
1.7342 0.634778 341
1.77525 0.647715 341
1.81787 0.613108 341
1.81064 0.555705 341
1.75151 0.531982 341
1.7166 0.309702 342
1.77796 0.356089 342
1.83654 0.321457 342
1.7896 0.241695 342
1.77328 0.238934 342
1.72848 1.27756 343
1.76146 1.33356 343
1.78414 1.33593 343
1.83589 1.28012 343
1.81821 1.23773 343
1.78209 1.22673 343
1.73578 0.83684 344
1.74795 0.917009 344
1.82094 0.908257 344
1.83476 0.892754 344
1.8223 0.821258 344
1.76592 0.804567 344
1.73257 1.65211 345
1.75436 1.72604 345
1.7836 1.73815 345
1.84866 1.71096 345
1.86455 1.64572 345
1.786 1.59333 345
1.7379 1.54989 346
1.77679 1.58105 346
1.78753 1.58018 346
1.84135 1.50408 346
1.80147 1.46287 346
1.76022 1.46831 346
1.74342 0.0603885 347
1.78877 0.122091 347
1.83162 0.12787 347
1.87355 0.0931495 347
1.87719 0.0470851 347
1.85244 0.005 347
1.77502 0.005 347
1.74657 0.931906 348
1.78414 0.996628 348
1.83086 0.981187 348
1.8228 0.918106 348
1.74973 0.926867 348
1.75487 0.522556 349
1.8167 0.547361 349
1.87046 0.50744 349
1.86956 0.463808 349
1.77553 0.437962 349
1.75514 0.454323 349
1.7594 1.05884 350
1.78992 1.1174 350
1.85092 1.12365 350
1.9 1.07141 350
1.87395 1.00508 350
1.83639 0.989891 350
1.78338 1.00741 350
1.76116 0.771383 351
1.76599 0.794159 351
1.82768 0.81242 351
1.86083 0.773997 351
1.83916 0.725971 351
1.80174 0.718191 351
1.75798 0.20466 352
1.78071 0.230049 352
1.78163 0.230205 352
1.83952 0.184061 352
1.82812 0.137489 352
1.79072 0.132444 352
1.77063 1.1478 353
1.79283 1.21954 353
1.81738 1.22702 353
1.86599 1.17543 353
1.84858 1.13347 353
1.78819 1.12728 353
1.77418 0.42722 354
1.86577 0.452396 354
1.89766 0.420021 354
1.85705 0.330469 354
1.84481 0.328183 354
1.78148 0.365628 354
1.78247 0.654738 355
1.80189 0.708008 355
1.84323 0.716604 355
1.88434 0.671188 355
1.87661 0.643556 355
1.82345 0.621456 355
1.79369 1.8912 356
1.82368 1.965 356
1.89864 1.965 356
1.92801 1.9277 356
1.92157 1.85829 356
1.84754 1.81864 356
1.84074 1.81995 356
1.79565 1.74395 357
1.83311 1.81123 357
1.84967 1.80805 357
1.87642 1.75695 357
1.84802 1.72207 357
1.79321 1.34086 358
1.83128 1.37962 358
1.86977 1.3698 358
1.88091 1.30538 358
1.84277 1.28741 358
1.79547 0.231962 359
1.84628 0.318283 359
1.85662 0.320217 359
1.91906 0.27747 359
1.90735 0.21391 359
1.8435 0.193677 359
1.79482 1.5872 360
1.86882 1.63655 360
1.8976 1.62411 360
1.91546 1.54055 360
1.88211 1.5107 360
1.84984 1.50939 360
1.80919 1.45648 361
1.85075 1.49942 361
1.87823 1.50053 361
1.92882 1.43033 361
1.91866 1.40549 361
1.87029 1.37999 361
1.83281 1.38954 361
1.82085 0.556733 362
1.82787 0.612462 362
1.87787 0.633253 362
1.94443 0.570878 362
1.86968 0.520474 362
1.82659 1.23183 363
1.84573 1.27775 363
1.88843 1.29787 363
1.90255 1.29416 363
1.94679 1.224 363
1.92327 1.19272 363
1.87403 1.18148 363
1.83196 0.910922 364
1.84091 0.980932 364
1.86943 0.992462 364
1.93267 0.939488 364
1.92739 0.922207 364
1.84139 0.900343 364
1.83259 0.822037 365
1.84458 0.890835 365
1.92253 0.910654 365
1.965 0.878686 365
1.965 0.810815 365
1.91905 0.775016 365
1.87252 0.775759 365
1.83795 0.135604 366
1.85011 0.185284 366
1.91315 0.205261 366
1.93625 0.189796 366
1.93382 0.122381 366
1.87583 0.104243 366
1.8495 0.724577 367
1.86812 0.765828 367
1.92674 0.764892 367
1.94716 0.736466 367
1.92545 0.691252 367
1.89142 0.67826 367
1.85833 1.81308 368
1.93077 1.85188 368
1.965 1.83903 368
1.965 1.7647 368
1.8834 1.76519 368
1.85733 1.71765 369
1.88786 1.75516 369
1.965 1.7547 369
1.965 1.64861 369
1.90159 1.63327 369
1.87508 1.64474 369
1.85819 1.13052 370
1.87518 1.17149 370
1.91784 1.18122 370
1.965 1.14173 370
1.965 1.09404 370
1.90387 1.08189 370
1.86597 0.325936 371
1.90876 0.420285 371
1.965 0.419529 371
1.965 0.289184 371
1.92844 0.283164 371
1.86404 0.005 372
1.88143 0.0345774 372
1.965 0.00571184 372
1.965 0.005 372
1.87929 1.37343 373
1.91372 1.39158 373
1.965 1.35724 373
1.965 1.33625 373
1.90423 1.30406 373
1.89067 1.30762 373
1.87934 0.452874 374
1.88064 0.515799 374
1.965 0.572684 374
1.965 0.42953 374
1.90149 0.430384 374
1.88335 0.0961161 375
1.93385 0.111914 375
1.965 0.0976102 375
1.965 0.0162916 375
1.88754 0.0430483 375
1.88867 1.50315 376
1.92021 1.53138 376
1.965 1.52887 376
1.965 1.44789 376
1.93282 1.44188 376
1.88104 0.995778 377
1.91145 1.0732 377
1.965 1.08385 377
1.965 0.949836 377
1.94227 0.944494 377
1.88585 0.639482 378
1.89398 0.66853 378
1.92484 0.680315 378
1.965 0.663151 378
1.965 0.58483 378
1.94398 0.585009 378
1.91136 1.965 379
1.965 1.965 379
1.965 1.94855 379
1.92922 1.94233 379
1.90774 1.62447 380
1.965 1.63832 380
1.965 1.53889 380
1.92557 1.5411 380
1.9125 1.29713 381
1.965 1.32494 381
1.965 1.2302 381
1.95495 1.22981 381
1.91759 0.214324 382
1.9284 0.273023 382
1.965 0.279049 382
1.965 0.196039 382
1.94755 0.19427 382
1.93197 1.86211 383
1.93863 1.93382 383
1.965 1.9384 383
1.965 1.84971 383
1.92548 1.39574 384
1.9408 1.4332 384
1.965 1.43771 384
1.965 1.36927 384
1.92956 1.18445 385
1.95618 1.21985 385
1.965 1.22019 385
1.965 1.15477 385
1.93522 0.913619 386
1.94146 0.934032 386
1.965 0.939564 386
1.965 0.891202 386
1.93305 0.773246 387
1.965 0.798138 387
1.965 0.74 387
1.95693 0.74 387
1.93453 0.687051 388
1.95515 0.73 388
1.965 0.73 388
1.965 0.674026 388
1.94368 0.118404 389
1.94605 0.184068 389
1.965 0.185988 389
1.965 0.108614 389
